<?xml version="1.0"?>
<opencv_storage>
<leftCorners>
  1993. 1178. 2601. 1171. 2293. 1177. 2054. 1178. 2724. 1175. 1932.
  1179. 2480. 1115. 2354. 1177. 2603. 1099. 2418. 1177. 2479. 1177.
  2226. 1168. 2358. 1116. 2844. 1175. 2782. 1175. 2115. 1178. 2175.
  1177. 2662. 1176. 2296. 1116. 2115. 1112. 1993. 1113. 2053. 1118.
  2786. 1113. 1933. 1113. 2541. 1116. 2418. 1116. 2175. 1111. 2236.
  1111. 2724. 1115. 2663. 1115. 3315. 1479. 2540. 1176. 2440. 1605.
  3229. 1346. 1871. 1038. 2848. 1113. 3332. 1529. 3101. 1348. 3331.
  1569. 1684. 1482. 3105. 1590. 2616. 1836. 3229. 1552. 1685. 1536.
  3293. 1514. 3108. 1544. 2755. 1348. 3262. 1467. 2389. 1793. 3157.
  1539. 3292. 1427. 2620. 1758. 2971. 1590. 3214. 1510. 3189. 1573.
  3024. 1584. 3001. 1349. 2009. 1017. 2935. 1347. 3155. 1365. 3157.
  1478. 3192. 1403. 3275. 1364. 3057. 1368. 1631. 1589. 3151. 1591.
  3109. 1451. 3060. 1558. 2618. 1596. 2341. 1592. 3084. 1403. 1887. 994.
  1870. 1321. 1572. 1454. 3011. 1457. 2931. 1568. 3102. 1502. 2503.
  1842. 3244. 1429. 2864. 1590. 2975. 1518. 3061. 1454. 2388. 1842.</leftCorners>
<rightCorners>
  1122. 1173. 1606. 1171. 1545. 1171. 1306. 1111. 1367. 1095. 1487.
  1171. 1426. 1172. 1246. 1172. 1125. 1112. 1609. 1109. 1548. 1109.
  1246. 1111. 1065. 1112. 1367. 1172. 1186. 1112. 1487. 1111. 1628. 979.
  945. 1113. 1185. 1173. 825. 1114. 944. 1173. 1427. 1105. 1005. 1113.
  885. 1114. 825. 1174. 705. 1170. 705. 1114. 1306. 1172. 765. 1114.
  1062. 1167. 885. 1174. 764. 1169. 462. 1531. 1087. 1592. 401. 1414.
  1664. 1221. 704. 1583. 765. 1584. 519. 1517. 996. 1161. 1641. 1040.
  620. 1407. 1310. 1831. 402. 1498. 567. 1565. 1671. 1290. 511. 1477.
  432. 1348. 2081. 1585. 661. 1346. 576. 1490. 1315. 1753. 608. 1361.
  1086. 1650. 1368. 1253. 445. 1423. 462. 1378. 561. 1386. 1091. 1834.
  1091. 1793. 459. 1461. 498. 1425. 637. 1582. 1278. 1773. 2003. 1347.
  396. 1454. 1653. 1152. 706. 1360. 1313. 1611. 505. 1365. 395. 1567.
  679. 1403. 987. 1343. 1046. 1583. 683. 1527. 1138. 1603. 1170. 1231.
  2012. 1419. 1223. 1814. 501. 1583. 1627. 1290. 554. 1346. 1122. 2175.</rightCorners>
</opencv_storage>
