<?xml version="1.0"?>
<opencv_storage>
<leftCorners>
  1.62835706e+03 1.11425000e+03 1.68928564e+03 1114. 1.75021423e+03
  1.11375000e+03 1.81114282e+03 1.11350000e+03 1.87207141e+03
  1.11325000e+03 1933. 1113. 1993. 1113. 2053. 1118. 2115. 1112. 2175.
  1111. 2236. 1111. 2296. 1116. 2358. 1116. 2418. 1116. 2480. 1115.
  2541. 1116. 1.62735706e+03 1.18025000e+03 1.68828564e+03 1180.
  1.74921423e+03 1.17975000e+03 1.81014282e+03 1.17950000e+03
  1.87107141e+03 1.17925000e+03 1932. 1179. 1993. 1178. 2054. 1178.
  2115. 1178. 2175. 1177. 2226. 1168. 2293. 1177. 2354. 1177. 2418.
  1177. 2479. 1177. 2540. 1176.</leftCorners>
<rightCorners>
  1005. 1113. 1065. 1112. 1125. 1112. 1186. 1112. 1246. 1111. 1306.
  1111. 1367. 1095. 1427. 1105. 1487. 1111. 1548. 1109. 1609. 1109.
  1.66938708e+03 1.10945166e+03 1.72977417e+03 1.10990332e+03
  1.79016125e+03 1.11035498e+03 1.85054834e+03 1.11080664e+03
  1.91093542e+03 1.11125830e+03 996. 1161. 1062. 1167. 1122. 1173. 1185.
  1173. 1246. 1172. 1306. 1172. 1367. 1172. 1426. 1172. 1487. 1171.
  1545. 1171. 1606. 1171. 1.66638708e+03 1.17145166e+03 1.72677417e+03
  1.17190332e+03 1.78716125e+03 1.17235498e+03 1.84754834e+03
  1.17280664e+03 1.90793542e+03 1.17325830e+03</rightCorners>
</opencv_storage>
