<?xml version="1.0"?>
<opencv_storage>
<leftCamera>
  <cameraMatrix type_id="opencv-matrix">
    <rows>3</rows>
    <cols>3</cols>
    <dt>d</dt>
    <data>
      4.4380362177786974e+03 0. 1.7743824904947705e+03 0.
      4.4296253861812520e+03 1.0704736023904698e+03 0. 0. 1.</data></cameraMatrix>
  <distCoeffs type_id="opencv-matrix">
    <rows>5</rows>
    <cols>1</cols>
    <dt>d</dt>
    <data>
      -1.2834214236017918e-01 3.2671801404863275e-02
      -8.1586681092084225e-04 8.7453505031329375e-04
      -3.7256674859492821e-02</data></distCoeffs>
  <imageSize>
    3520 2200</imageSize></leftCamera>
</opencv_storage>
