<?xml version="1.0"?>
<opencv_storage>
<rectifyMaps>
  <R1 type_id="opencv-matrix">
    <rows>3</rows>
    <cols>3</cols>
    <dt>d</dt>
    <data>
      9.9460961748168208e-01 3.0205753434835053e-03
      1.0364644199168779e-01 -2.8687806891880573e-03
      9.9999458320925572e-01 -1.6135828160911366e-03
      -1.0365075450906908e-01 1.3075460761986151e-03
      9.9461289525772745e-01</data></R1>
  <R2 type_id="opencv-matrix">
    <rows>3</rows>
    <cols>3</cols>
    <dt>d</dt>
    <data>
      9.9707864980928718e-01 -2.5581415948131819e-02
      -7.1970530445298220e-02 2.5686725048888585e-02
      9.9966989692039288e-01 5.3791024718127876e-04
      7.1933012245781358e-02 -2.3850260501491307e-03
      9.9740661387419538e-01</data></R2>
  <P1 type_id="opencv-matrix">
    <rows>3</rows>
    <cols>4</cols>
    <dt>d</dt>
    <data>
      4.2934869706250238e+03 0. 1.7054885406494141e+03 0. 0.
      4.2934869706250238e+03 1.0800999374389648e+03 0. 0. 0. 1. 0.</data></P1>
  <P2 type_id="opencv-matrix">
    <rows>3</rows>
    <cols>4</cols>
    <dt>d</dt>
    <data>
      4.2934869706250238e+03 0. 1.7054885406494141e+03
      -2.2285930609930821e+02 0. 4.2934869706250238e+03
      1.0800999374389648e+03 0. 0. 0. 1. 0.</data></P2>
  <Q type_id="opencv-matrix">
    <rows>4</rows>
    <cols>4</cols>
    <dt>d</dt>
    <data>
      1. 0. 0. -1.7054885406494141e+03 0. 1. 0. -1.0800999374389648e+03
      0. 0. 0. 4.2934869706250238e+03 0. 0. 1.9265459656020852e+01 0.</data></Q></rectifyMaps>
</opencv_storage>
