<?xml version="1.0"?>
<opencv_storage>
<leftCorners>
  1.63175757e+03 1.11730298e+03 1.68928564e+03 1114. 1.75021423e+03
  1.11375000e+03 1.81792310e+03 1.10641028e+03 1.86501196e+03
  1.11217859e+03 1.93194226e+03 1.11484155e+03 1.99303284e+03
  1.11496179e+03 2.05313672e+03 1.11419189e+03 2.11452393e+03
  1.11421753e+03 2.17422583e+03 1.11395276e+03 2.23522095e+03
  1.11295813e+03 2.29533325e+03 1.11300647e+03 2.35660767e+03
  1.11258008e+03 2.41731738e+03 1.11234473e+03 2.47837964e+03
  1.11189636e+03 2.53930127e+03 1.11171948e+03 1.62735706e+03
  1.18025000e+03 1.68828564e+03 1180. 1.74921423e+03 1.17975000e+03
  1.80432947e+03 1.18347131e+03 1865. 1.17850000e+03 1.93125256e+03
  1.17519958e+03 1.99231848e+03 1.17465393e+03 2.05291211e+03
  1.17468640e+03 2.11355835e+03 1.17438220e+03 2.17364380e+03
  1.17396863e+03 2.22558545e+03 1.16726758e+03 2.29194189e+03
  1.17351648e+03 2.35272729e+03 1.17346399e+03 2.41583521e+03
  1.17356238e+03 2.47732861e+03 1.17272754e+03 2.53790161e+03
  1.17287476e+03</leftCorners>
<rightCorners>
  1.00658569e+03 1.10857996e+03 1.06623779e+03 1.10840186e+03
  1.12645886e+03 1.10766321e+03 1.18711755e+03 1.10789148e+03
  1.24739905e+03 1.10756335e+03 1.30725977e+03 1.10784900e+03
  1.37057227e+03 1.09521240e+03 1.42799451e+03 1.10681458e+03
  1.48834717e+03 1.10698608e+03 1.54934717e+03 1.10598608e+03
  1.60995703e+03 1.10562012e+03 1.66938708e+03 1.10945166e+03
  1.73677734e+03 1.10846558e+03 1.79760779e+03 1.10876465e+03
  1.84344958e+03 1.10941467e+03 1.91024939e+03 1.10385474e+03
  9.98065491e+02 1.16168408e+03 1.06353699e+03 1.16926575e+03
  1.12314404e+03 1.16930859e+03 1.18585632e+03 1.16947339e+03
  1.24647388e+03 1.16946924e+03 1.30671765e+03 1.16898669e+03
  1.36773035e+03 1.16918164e+03 1.42699707e+03 1.16786426e+03
  1.48775574e+03 1.16720605e+03 1.54508655e+03 1.16679199e+03
  1.60702368e+03 1.16789697e+03 1.65927563e+03 1.16958740e+03
  1.73254089e+03 1.17025159e+03 1.78716125e+03 1.17235498e+03 1841.
  1.17150000e+03 1.90793542e+03 1.17325830e+03</rightCorners>
</opencv_storage>
