<?xml version="1.0"?>
<opencv_storage>
<rightCamera>
  <cameraMatrix type_id="opencv-matrix">
    <rows>3</rows>
    <cols>3</cols>
    <dt>d</dt>
    <data>
      4.4276815674297923e+03 0. 1.7886142785870566e+03 0.
      4.4177919473843322e+03 1.0853751633967124e+03 0. 0. 1.</data></cameraMatrix>
  <distCoeffs type_id="opencv-matrix">
    <rows>5</rows>
    <cols>1</cols>
    <dt>d</dt>
    <data>
      -1.2748480020128758e-01 3.4448687796221997e-02
      -4.3739191749393574e-05 1.4360206304538006e-03
      -9.1876142071636344e-02</data></distCoeffs>
  <imageSize>
    3520 2200</imageSize></rightCamera>
</opencv_storage>
