<?xml version="1.0"?>
<opencv_storage>
<stereoCamera>
  <R type_id="opencv-matrix">
    <rows>3</rows>
    <cols>3</cols>
    <dt>d</dt>
    <data>
      9.8417441391179306e-01 2.8792392822312992e-02
      1.7484770835485447e-01 -2.8064146277037311e-02
      9.9958409279202998e-01 -6.6366505765715561e-03
      -1.7496607298307770e-01 1.6246700280592901e-03
      9.8457312260297880e-01</data></R>
  <T type_id="opencv-matrix">
    <rows>3</rows>
    <cols>1</cols>
    <dt>d</dt>
    <data>
      -5.1754729324492377e-02 1.3278383389174913e-03
      3.7357286942699417e-03</data></T>
  <E type_id="opencv-matrix">
    <rows>3</rows>
    <cols>3</cols>
    <dt>d</dt>
    <data>
      -1.2748662318944921e-04 -3.7320176786276270e-03
      1.3321466656526883e-03 -5.3787131499919765e-03
      1.9164492558683055e-04 5.1609499061715983e-02
      1.4562777531729578e-04 -5.1771435802578425e-02
      1.1130856358625724e-04</data></E>
  <F type_id="opencv-matrix">
    <rows>3</rows>
    <cols>3</cols>
    <dt>d</dt>
    <data>
      4.1714581613019153e-09 1.2234629133370848e-07
      -3.3181909024899482e-04 1.7638951990117160e-07
      -6.2967371054784501e-09 -7.8175380458146426e-03
      -2.2000805898774332e-04 7.3027396173394607e-03
      9.9999999999999989e-01</data></F></stereoCamera>
</opencv_storage>
